4 0.228041 0.633208 0.125000 0.208059
4 0.217061 0.460672 0.109797 0.172537
4 0.197635 0.324926 0.104730 0.154775
4 0.236486 0.191718 0.087838 0.182686
4 0.238176 0.071754 0.111486 0.143508
4 0.212838 0.798133 0.128378 0.142089
4 0.222128 0.930073 0.133446 0.111641
4 0.811655 0.360448 0.113176 0.200447
4 0.815878 0.220897 0.087838 0.144626
4 0.836993 0.088957 0.103041 0.139552
4 0.804899 0.538060 0.096284 0.149701
4 0.805743 0.686492 0.097973 0.162387
4 0.816723 0.831118 0.123311 0.157313
4 0.851351 0.947834 0.135135 0.076119
0 0.538851 0.162539 0.152027 0.251193
0 0.524493 0.316046 0.157095 0.248656
0 0.465372 0.527910 0.116554 0.235969
0 0.563345 0.691566 0.153716 0.223283
0 0.469595 0.774029 0.111486 0.225820
0 0.704392 0.572313 0.125000 0.258805
0 0.685811 0.805745 0.148649 0.208059
0 0.603885 0.905968 0.119932 0.175074
0 0.668919 0.326195 0.162162 0.223283
6 0.363176 0.508881 0.158784 0.959101