3 0.544574 0.856423 0.183867 0.221662
3 0.409459 0.178841 0.264658 0.216625
3 0.688046 0.366499 0.175510 0.158690
4 0.753514 0.118388 0.105863 0.065491
4 0.812018 0.152393 0.122578 0.123426
4 0.891415 0.190176 0.075219 0.113350
4 0.824554 0.629723 0.097505 0.075567
4 0.789731 0.557935 0.089148 0.073048
4 0.750728 0.629723 0.050146 0.075567
5 0.246486 0.143577 0.117007 0.115869
5 0.578004 0.435768 0.089148 0.105793
5 0.562682 0.356423 0.091934 0.073048
5 0.382993 0.828715 0.094720 0.075567
6 0.887236 0.535264 0.117007 0.178841
4 0.096049 0.226700 0.117007 0.085642
4 0.146194 0.171285 0.094720 0.070529
0 0.082119 0.312343 0.161581 0.110831
6 0.420603 0.770781 0.130936 0.171285
6 0.433139 0.389169 0.100291 0.133501