4 0.324229 0.573048 0.116026 0.158690
4 0.175299 0.453401 0.109099 0.191436
4 0.053212 0.326196 0.096977 0.183879
4 0.151921 0.714106 0.110831 0.183879
4 0.422072 0.732997 0.124685 0.156171
4 0.262752 0.886650 0.135076 0.151134
4 0.057777 0.924433 0.115554 0.125945
4 0.024008 0.617128 0.048016 0.156171
4 0.033297 0.078086 0.064074 0.156171
4 0.171836 0.147355 0.126417 0.163728
4 0.338948 0.062972 0.114295 0.125944
4 0.316436 0.295970 0.107368 0.153652
4 0.476622 0.185139 0.116026 0.173804
4 0.622088 0.086902 0.109099 0.163728
4 0.659320 0.307305 0.114295 0.151134
4 0.571867 0.542821 0.105636 0.168766
4 0.454109 0.406801 0.112563 0.163728
4 0.459304 0.944584 0.129880 0.105793
4 0.588319 0.803526 0.114295 0.166247
4 0.798725 0.056675 0.126417 0.098237
4 0.843750 0.243073 0.112563 0.148615
4 0.969931 0.103275 0.060138 0.146096
4 0.799591 0.462217 0.110831 0.168766
4 0.723394 0.651134 0.117758 0.173804
4 0.746773 0.885390 0.116026 0.158690
4 0.894836 0.702771 0.131612 0.201511
4 0.915617 0.938287 0.114295 0.123426
4 0.959540 0.423174 0.080919 0.181360