3 0.416336 0.185424 0.277518 0.230627
3 0.684672 0.369004 0.173449 0.166052
3 0.530609 0.860701 0.212220 0.226937
5 0.256151 0.151292 0.136718 0.110701
5 0.573461 0.360701 0.114272 0.083026
5 0.574481 0.440037 0.104069 0.090406
5 0.380626 0.820111 0.116313 0.094096
5 0.170447 0.378229 0.112232 0.125461
4 0.149021 0.171587 0.093866 0.062731
4 0.108210 0.222325 0.122434 0.101476
4 0.757112 0.116236 0.102029 0.081181
4 0.809147 0.144834 0.136718 0.127306
4 0.889750 0.186347 0.069379 0.110701
1 0.511223 0.722325 0.128556 0.116236
0 0.713240 0.503690 0.157124 0.180812
0 0.814248 0.473247 0.118353 0.142066
0 0.806086 0.257380 0.155084 0.138376
0 0.088824 0.309041 0.173449 0.127306
6 0.411235 0.397601 0.177530 0.204797
6 0.888729 0.524908 0.144881 0.167897
6 0.421438 0.756458 0.173449 0.166052