5 0.503529 0.303965 0.261119 0.171806
5 0.312982 0.376652 0.247004 0.140969
5 0.133022 0.303965 0.211718 0.149780
5 0.152430 0.142070 0.208189 0.160793
5 0.115379 0.452643 0.197604 0.147577
5 0.323568 0.642070 0.211718 0.147577
5 0.641145 0.908590 0.197604 0.143172
5 0.311218 0.904185 0.222304 0.121145
5 0.087150 0.865639 0.155260 0.154185
5 0.676432 0.643172 0.155260 0.140969
5 0.844042 0.849119 0.179960 0.151982
5 0.510586 0.722467 0.176432 0.149780
5 0.692311 0.395374 0.243476 0.134361
5 0.687018 0.131057 0.239947 0.125551
5 0.849335 0.455947 0.204661 0.145374
5 0.854628 0.694934 0.236419 0.116740
5 0.508822 0.566079 0.208189 0.145374
5 0.305925 0.773128 0.261119 0.127753
5 0.861685 0.311674 0.208189 0.107930
5 0.339447 0.092511 0.194075 0.123348
5 0.117143 0.596916 0.151731 0.154185