2 0.599496 0.347607 0.319899 0.261965
2 0.583123 0.100756 0.206549 0.181360
2 0.285894 0.115869 0.327456 0.231738
2 0.111461 0.360202 0.222922 0.287154
2 0.110831 0.605793 0.209068 0.214106
2 0.152393 0.843829 0.282116 0.261965
2 0.406801 0.590680 0.327456 0.229219
2 0.580605 0.806045 0.322418 0.267003
2 0.387909 0.915617 0.229219 0.158690
2 0.839421 0.562972 0.321158 0.264484
2 0.896096 0.321159 0.207808 0.214106
2 0.855793 0.115869 0.288413 0.211587
2 0.895466 0.808564 0.181360 0.216625
2 0.828715 0.952141 0.304786 0.080605
2 0.326196 0.351385 0.206549 0.204030