4 0.227196 0.456926 0.116554 0.169764
4 0.134291 0.638091 0.133446 0.217905
4 0.141892 0.873733 0.141892 0.177365
4 0.324324 0.853463 0.131757 0.212838
4 0.294764 0.652027 0.123311 0.179899
4 0.386824 0.520270 0.104730 0.220439
4 0.490709 0.641892 0.136824 0.159628
4 0.557432 0.482264 0.094595 0.220439
4 0.498311 0.845861 0.131757 0.187500
4 0.677365 0.847128 0.145270 0.195101
4 0.665541 0.635557 0.131757 0.192568
4 0.798142 0.494932 0.116554 0.179899
4 0.843750 0.683699 0.153716 0.172297
4 0.826014 0.873733 0.145270 0.192568