4 0.167051 0.210327 0.249440 0.259446
4 0.165967 0.503778 0.260285 0.241814
4 0.155122 0.753149 0.238595 0.186398
4 0.239715 0.835013 0.216905 0.259446
4 0.506507 0.773300 0.203890 0.196474
4 0.610621 0.541562 0.238595 0.196474
4 0.400224 0.557935 0.164847 0.173804
4 0.505423 0.449622 0.232088 0.214106
4 0.478310 0.246851 0.164847 0.151134
4 0.382872 0.219144 0.121467 0.166247
4 0.584593 0.177582 0.221243 0.168766
4 0.844878 0.205290 0.247271 0.304786
4 0.860062 0.507557 0.208228 0.234257
4 0.816681 0.802267 0.294990 0.264484