3 0.207626 0.363980 0.345212 0.395466
6 0.288646 0.195214 0.179651 0.219144
6 0.547555 0.251889 0.250103 0.176322
4 0.240210 0.659950 0.089826 0.100756
4 0.340604 0.636020 0.118006 0.108312
4 0.397845 0.712846 0.105677 0.095718
4 0.433952 0.642317 0.089826 0.105793
4 0.492955 0.634761 0.049316 0.130982
4 0.563406 0.677582 0.091587 0.090680
4 0.650590 0.693955 0.103916 0.108312
4 0.735132 0.423174 0.089826 0.141058
4 0.813509 0.352645 0.049316 0.130982
4 0.618006 0.356423 0.144425 0.068010
4 0.632096 0.198992 0.102155 0.065491
0 0.585422 0.511335 0.170845 0.231738
1 0.746580 0.630982 0.112722 0.193955
1 0.938560 0.484887 0.091587 0.183879
1 0.124846 0.569270 0.116245 0.181360