4 0.335545 0.630982 0.167274 0.193955
4 0.488723 0.683879 0.105251 0.173804
4 0.604311 0.794710 0.137202 0.103275
4 0.879655 0.780856 0.086456 0.156171
4 0.529132 0.188917 0.125925 0.156171
4 0.385352 0.220403 0.135323 0.178841
4 0.293257 0.078086 0.105251 0.125945
4 0.104369 0.304786 0.140961 0.125945
4 0.045137 0.523929 0.090273 0.211587
4 0.762188 0.385390 0.084577 0.146096
4 0.624046 0.435768 0.112769 0.136020
5 0.080876 0.113350 0.124046 0.186398
1 0.144778 0.712846 0.255609 0.332494
0 0.670093 0.206549 0.219899 0.302267