3 0.635980 0.251689 0.288851 0.336993
6 0.181588 0.469595 0.146959 0.164696
6 0.132601 0.934333 0.204392 0.131334
1 0.818412 0.769848 0.133446 0.228041
1 0.699324 0.931799 0.152027 0.136402
1 0.945946 0.470861 0.108108 0.172297
1 0.375845 0.655828 0.146959 0.172297
5 0.441723 0.345439 0.119932 0.184966
5 0.541385 0.464527 0.116554 0.164696
0 0.326014 0.503801 0.131757 0.228041
0 0.344595 0.336571 0.114865 0.182432
0 0.393581 0.173142 0.125000 0.169764
0 0.515203 0.631757 0.135135 0.220439
0 0.380068 0.939400 0.168919 0.121199