3 0.081081 0.089104 0.114865 0.138710
3 0.197635 0.095647 0.104730 0.157030
3 0.320101 0.104807 0.123311 0.159648
3 0.935811 0.626933 0.101351 0.204140
5 0.342061 0.731620 0.055743 0.068047
5 0.336149 0.824530 0.070946 0.075898
5 0.363176 0.933142 0.050676 0.099453
5 0.305743 0.944920 0.057432 0.070664
5 0.282939 0.838924 0.042230 0.083750
5 0.871622 0.344278 0.070946 0.068047
0 0.635980 0.925291 0.069257 0.088984
0 0.497466 0.939685 0.076014 0.070664
0 0.563345 0.904353 0.052365 0.109921
0 0.614865 0.815369 0.060811 0.099453
0 0.799831 0.831073 0.069257 0.088984
0 0.955236 0.935759 0.069257 0.088984
0 0.621622 0.267072 0.074324 0.133476
1 0.545608 0.791815 0.070946 0.109921
1 0.489865 0.161076 0.097973 0.125624
4 0.049831 0.543183 0.062500 0.083750
4 0.146959 0.570664 0.057432 0.075898
4 0.056588 0.609921 0.059122 0.060195
6 0.690034 0.187248 0.082770 0.146562
6 0.149493 0.786581 0.079392 0.073281
6 0.860642 0.909588 0.086149 0.162265