5 0.288484 0.175063 0.167616 0.123426
5 0.776700 0.161209 0.106423 0.100756
5 0.801976 0.625945 0.125047 0.098237
5 0.489358 0.264484 0.074496 0.105793
5 0.484037 0.746851 0.117065 0.118388
5 0.267199 0.624685 0.162295 0.100756
5 0.026511 0.738035 0.053022 0.095718
5 0.025087 0.254408 0.039909 0.105793
4 0.682250 0.229219 0.093120 0.100756
4 0.446788 0.363980 0.095781 0.083123
4 0.187382 0.695214 0.103763 0.100756
4 0.694222 0.698992 0.117065 0.113350
4 0.625047 0.809824 0.122387 0.108312
4 0.933674 0.556675 0.111744 0.136020
4 0.932344 0.074307 0.119726 0.133501
4 0.444128 0.078086 0.133029 0.115869
4 0.437476 0.550378 0.119726 0.133501