3 0.394231 0.266592 0.131657 0.122410
3 0.344675 0.345432 0.118343 0.105812
3 0.315828 0.452281 0.113905 0.186727
3 0.369083 0.506224 0.048817 0.232371
3 0.323225 0.565354 0.039941 0.205399
3 0.608728 0.090239 0.099112 0.172203
3 0.484467 0.036296 0.102071 0.056018
3 0.549556 0.048750 0.143491 0.097500
3 0.492604 0.251031 0.195266 0.132783
3 0.548077 0.354768 0.149408 0.195026
3 0.610207 0.454356 0.087278 0.282165
3 0.539201 0.503112 0.087278 0.234446
3 0.549556 0.755193 0.143491 0.290464
3 0.409763 0.914942 0.071006 0.170116
3 0.301036 0.840257 0.078402 0.165979
3 0.255178 0.877603 0.057692 0.141082