3 0.132396 0.779586 0.164201 0.251479
5 0.426176 0.792477 0.054945 0.114117
5 0.849887 0.610031 0.048605 0.104255
0 0.808679 0.789659 0.067625 0.187377
0 0.765004 0.755847 0.049310 0.145111
0 0.848478 0.731896 0.059876 0.102846
0 0.381093 0.783319 0.045083 0.118343
4 0.879121 0.793886 0.029586 0.074669
4 0.852705 0.801634 0.034517 0.087349
4 0.873838 0.659341 0.054241 0.061989
4 0.831924 0.652296 0.032403 0.053536
4 0.434277 0.277543 0.026064 0.064807
4 0.457875 0.302198 0.025359 0.060580
4 0.443787 0.252888 0.019724 0.057763
4 0.484644 0.758664 0.032403 0.091575
4 0.353621 0.762187 0.032403 0.073260