0 0.476331 0.072067 0.053254 0.077415
0 0.572485 0.062390 0.050296 0.083866
0 0.533284 0.141956 0.048817 0.083866
0 0.532544 0.312914 0.044379 0.081716
0 0.493343 0.295710 0.048817 0.077415
0 0.488166 0.389254 0.062130 0.088167
0 0.453402 0.486022 0.031065 0.075265
0 0.485207 0.482797 0.047337 0.086017
0 0.590237 0.474195 0.053254 0.077415
0 0.596154 0.534407 0.053254 0.064513
0 0.530325 0.688161 0.036982 0.062362
0 0.781065 0.184964 0.059172 0.101070
0 0.783284 0.502150 0.045858 0.081716
0 0.838757 0.518279 0.050296 0.083866
0 0.749260 0.518279 0.045858 0.079565
0 0.695266 0.854819 0.059172 0.086017
0 0.699704 0.911805 0.073964 0.070964
0 0.848373 0.854819 0.054734 0.111822