0 0.519970 0.298571 0.090237 0.163800
0 0.490385 0.525455 0.122781 0.179294
0 0.414201 0.480078 0.109467 0.185935
0 0.321006 0.333987 0.103550 0.163800
0 0.320266 0.466797 0.081361 0.150519
0 0.552515 0.639451 0.113905 0.181508
0 0.681213 0.604035 0.143491 0.234632
0 0.755178 0.523242 0.116864 0.188148
0 0.675296 0.763408 0.125740 0.199216
0 0.285503 0.920440 0.112426 0.159120
0 0.545118 0.944789 0.093195 0.110422
0 0.851331 0.933721 0.140533 0.132557
0 0.951183 0.930528 0.091716 0.130597
0 0.940089 0.414780 0.119822 0.201429
0 0.906805 0.207817 0.118343 0.159373
0 0.747041 0.174614 0.112426 0.119530
0 0.610207 0.125917 0.105030 0.146092
0 0.656065 0.047464 0.110947 0.094928
0 0.383136 0.121490 0.091716 0.146092
0 0.849112 0.310745 0.100592 0.166013
0 0.957101 0.643878 0.085798 0.146092
0 0.306953 0.654946 0.081361 0.106248
0 0.444527 0.613996 0.087278 0.117316
0 0.224852 0.682615 0.076923 0.095181