0 0.159142 0.119004 0.224678 0.215867
0 0.383820 0.145756 0.159387 0.180812
0 0.524964 0.108856 0.222758 0.184502
0 0.821654 0.123616 0.332216 0.180812
0 0.234995 0.388376 0.157467 0.116236
0 0.161063 0.345018 0.109459 0.099631
0 0.113054 0.411439 0.136343 0.092251
0 0.151461 0.619926 0.240041 0.188192
0 0.250358 0.564576 0.161307 0.188192
0 0.159142 0.862546 0.309172 0.215867
0 0.401103 0.886531 0.190112 0.160517
0 0.503841 0.821956 0.157467 0.123616
0 0.582574 0.898524 0.172829 0.118081
0 0.739081 0.796125 0.147865 0.186347
0 0.814933 0.853321 0.149785 0.164207
0 0.895587 0.873616 0.145945 0.156827
0 0.855260 0.589483 0.272686 0.271218
0 0.575853 0.601476 0.232359 0.217712
0 0.456793 0.603321 0.220837 0.217712
0 0.456793 0.368081 0.182431 0.153137
0 0.595056 0.346863 0.174750 0.166052
0 0.505761 0.295203 0.119060 0.070111
0 0.854300 0.345018 0.228519 0.236162