0 0.119432 0.151292 0.080120 0.210332
0 0.192268 0.207565 0.156597 0.219557
0 0.474507 0.181734 0.247642 0.282288
0 0.798628 0.187269 0.240359 0.252768
0 0.553717 0.468635 0.125642 0.254613
0 0.440821 0.484317 0.172986 0.178967
0 0.204104 0.477860 0.111075 0.243542
0 0.134909 0.481550 0.147493 0.210332
0 0.189536 0.755535 0.220329 0.212177
0 0.170417 0.859779 0.244001 0.184502
0 0.498179 0.795203 0.244001 0.225092
0 0.770404 0.473247 0.209404 0.197417
0 0.854165 0.486162 0.187553 0.271218
0 0.824120 0.793358 0.251284 0.302583