0 0.158210 0.212177 0.240775 0.143911
0 0.398985 0.304428 0.296125 0.184502
0 0.689576 0.211255 0.262915 0.190037
0 0.576107 0.120849 0.213100 0.190037
0 0.374077 0.175277 0.273985 0.147601
0 0.187269 0.428967 0.309963 0.193727
0 0.119926 0.323801 0.239852 0.164207
0 0.418358 0.503690 0.273985 0.206642
0 0.693727 0.495387 0.315498 0.193727
0 0.862546 0.425277 0.249077 0.193727
0 0.580258 0.380996 0.298893 0.178967
0 0.830720 0.190037 0.157749 0.136531
0 0.859779 0.300738 0.271218 0.136531
0 0.469557 0.736162 0.348708 0.206642
0 0.804428 0.853321 0.293358 0.249077
0 0.918819 0.620849 0.162362 0.167897