0 0.257380 0.342251 0.127306 0.112546
0 0.155904 0.177122 0.112546 0.125461
0 0.282288 0.062731 0.173432 0.125461
0 0.054428 0.318266 0.108856 0.178967
0 0.214945 0.523063 0.153137 0.097786
0 0.049815 0.722325 0.099630 0.130996
0 0.087638 0.936347 0.175276 0.127306
0 0.395756 0.832103 0.138376 0.118081
0 0.679889 0.786900 0.138376 0.116236
0 0.754613 0.951107 0.191882 0.097786
0 0.937269 0.966790 0.125461 0.066420
0 0.954797 0.754613 0.090406 0.177122
0 0.805351 0.653137 0.164207 0.166052
0 0.809963 0.423432 0.151292 0.138376
0 0.890221 0.281365 0.134686 0.108856
0 0.699262 0.216790 0.173432 0.178967
0 0.940959 0.125461 0.118081 0.151292