1 0.458580 0.553254 0.201183 0.252959
1 0.122041 0.267012 0.161243 0.221893
1 0.116124 0.506657 0.190828 0.213018
1 0.306213 0.444527 0.189349 0.252959
1 0.650888 0.525518 0.183432 0.264053
1 0.812870 0.465607 0.178994 0.215237
1 0.238905 0.664201 0.214497 0.341716
1 0.608728 0.786243 0.238166 0.346154
1 0.840976 0.716346 0.229290 0.335059
1 0.529586 0.400148 0.186391 0.230769
1 0.333580 0.272559 0.170118 0.201923
1 0.674556 0.310281 0.174556 0.215237
1 0.882396 0.295858 0.196746 0.239645
1 0.196746 0.880917 0.213018 0.238166
1 0.413462 0.902737 0.270710 0.179734
1 0.500740 0.241494 0.137574 0.130917
1 0.386834 0.779586 0.211538 0.275148
1 0.898669 0.911982 0.202662 0.176036
1 0.671598 0.913831 0.239645 0.161982
1 0.067308 0.711908 0.131657 0.321746
1 0.946746 0.480030 0.097633 0.239645
1 0.617604 0.205991 0.140533 0.170858
1 0.770710 0.203772 0.150888 0.210799
1 0.930473 0.208210 0.139053 0.188609
1 0.263314 0.179364 0.168639 0.232988
1 0.455621 0.151627 0.156805 0.208580
1 0.639053 0.098373 0.150888 0.186391
1 0.827663 0.108358 0.164201 0.188609
1 0.204142 0.097263 0.142012 0.184172