1 0.224112 0.485577 0.113905 0.161982
0 0.254438 0.802885 0.127219 0.184172
0 0.313609 0.133876 0.112426 0.159763
0 0.754438 0.136095 0.082840 0.133136
5 0.895710 0.309172 0.107988 0.142012
5 0.819527 0.225962 0.068047 0.126479
3 0.562870 0.554364 0.247041 0.357249
6 0.573964 0.813979 0.153846 0.219675
4 0.622041 0.880547 0.054734 0.095414
4 0.666420 0.867234 0.054734 0.099852
4 0.428994 0.151627 0.056213 0.071006
2 0.398669 0.193787 0.036982 0.071006
4 0.440828 0.212648 0.050296 0.064349
4 0.521450 0.336908 0.054734 0.086538
4 0.453402 0.284763 0.051775 0.075444
4 0.654586 0.220414 0.306213 0.350592