3 0.413284 0.574723 0.088561 0.160517
0 0.645756 0.253690 0.125461 0.130996
6 0.518450 0.192804 0.132841 0.145756
1 0.785055 0.379151 0.134686 0.142066
1 0.519373 0.764760 0.108856 0.127306
1 0.632841 0.102399 0.092251 0.094096
3 0.741697 0.771218 0.232472 0.250923
3 0.754613 0.239852 0.199262 0.232472
3 0.138376 0.589483 0.250923 0.164207
0 0.240775 0.848708 0.086716 0.114391
0 0.560886 0.455720 0.084871 0.088561
0 0.908672 0.419742 0.105166 0.090406
0 0.543358 0.066421 0.079336 0.070111
6 0.311808 0.623616 0.125461 0.151292
3 0.583026 0.361624 0.070111 0.092251
1 0.487085 0.342251 0.136531 0.138376