1 0.468935 0.458950 0.162722 0.210799
1 0.088018 0.279216 0.137574 0.170858
1 0.137574 0.417899 0.133136 0.159763
1 0.206361 0.334689 0.113905 0.193047
1 0.312870 0.161612 0.105030 0.161982
1 0.216716 0.132766 0.140533 0.170858
1 0.228550 0.259246 0.137574 0.166420
1 0.374260 0.275888 0.118343 0.115385
1 0.343195 0.497781 0.103550 0.119822
1 0.305473 0.552145 0.116864 0.175296
1 0.426775 0.593195 0.143491 0.168639
1 0.449704 0.716346 0.133136 0.157544
1 0.560651 0.665311 0.124260 0.175296
1 0.507396 0.380178 0.115385 0.208580
1 0.710799 0.452293 0.131657 0.184172
1 0.643491 0.545488 0.106509 0.113166
1 0.609467 0.443417 0.103550 0.139793
1 0.786982 0.703033 0.147929 0.201923
1 0.639053 0.907544 0.130178 0.184911
1 0.851331 0.886095 0.125740 0.133136
1 0.889053 0.710799 0.103550 0.168639
1 0.911982 0.433432 0.116864 0.168639
1 0.905325 0.584320 0.106509 0.119822
1 0.719675 0.279216 0.122781 0.153107