1 0.114590 0.204797 0.145539 0.225092
1 0.233178 0.178044 0.120384 0.252768
1 0.477540 0.172509 0.246159 0.282288
1 0.799164 0.191882 0.224598 0.239852
1 0.819827 0.516605 0.222801 0.236162
1 0.436214 0.480627 0.152727 0.241697
1 0.544920 0.554428 0.183272 0.197417
1 0.213413 0.500923 0.109604 0.234317
1 0.144237 0.500923 0.132962 0.212177
1 0.160408 0.806273 0.212020 0.225092
1 0.236771 0.830258 0.213817 0.210332
1 0.477540 0.804428 0.195849 0.173432
1 0.538631 0.825646 0.181475 0.197417
1 0.826116 0.832103 0.289282 0.254613