1 0.189349 0.119453 0.139053 0.210799
1 0.069527 0.394601 0.136095 0.179734
1 0.219675 0.635355 0.134615 0.177515
1 0.336538 0.394601 0.152367 0.215237
1 0.487426 0.149408 0.143491 0.208580
1 0.819527 0.140533 0.142012 0.221893
1 0.944527 0.373521 0.110946 0.204142
1 0.682692 0.370192 0.149408 0.210799
1 0.525888 0.602071 0.137574 0.208580
1 0.849852 0.605399 0.137574 0.210799
1 0.964497 0.860577 0.071006 0.201923
1 0.702663 0.848373 0.127219 0.208580
1 0.381657 0.863905 0.144970 0.204142
1 0.091716 0.873891 0.142012 0.193047