1 0.584320 0.304734 0.118343 0.208580
1 0.698964 0.440089 0.134615 0.190828
0 0.805473 0.554364 0.158284 0.264053
0 0.954142 0.614275 0.091716 0.166420
0 0.977811 0.467825 0.044378 0.153107
0 0.731509 0.691938 0.090237 0.153107
4 0.626479 0.078402 0.078402 0.137574
4 0.688609 0.301405 0.122781 0.099852
4 0.674556 0.211538 0.079882 0.102071
4 0.681953 0.111686 0.056213 0.137574
4 0.760355 0.080621 0.097633 0.119822
4 0.565089 0.098373 0.085799 0.097633
4 0.574704 0.028476 0.093195 0.051036
4 0.591716 0.178254 0.115385 0.106509
6 0.474852 0.065828 0.156805 0.131656
3 0.764053 0.839497 0.412722 0.315089
6 0.191568 0.223743 0.096154 0.099852
6 0.207840 0.461169 0.105030 0.113166